0.000000 -800.003295
0.012500 -788.370253
0.025000 -776.799422
0.037500 -765.289820
0.050000 -753.840543
0.062500 -742.450731
0.075000 -731.119553
0.087500 -719.846196
0.100000 -708.629856
0.112500 -697.469735
0.125000 -686.365042
0.137500 -675.314985
0.150000 -664.318776
0.162500 -653.375626
0.175000 -642.484749
0.187500 -631.645357
0.200000 -620.856664
0.212500 -610.117884
0.225000 -599.428231
0.237500 -588.786919
0.250000 -578.193163
0.262500 -567.646176
0.275000 -557.145173
0.287500 -546.689370
0.300000 -536.277982
0.312500 -525.910223
0.325000 -515.585309
0.337500 -505.302456
0.350000 -495.060879
0.362500 -484.859795
0.375000 -474.698420
0.387500 -464.575970
0.400000 -454.491661
0.412500 -444.444711
0.425000 -434.434337
0.437500 -424.459756
0.450000 -414.520185
0.462500 -404.614842
0.475000 -394.742946
0.487500 -384.903714
0.500000 -375.096364
0.512500 -365.320116
0.525000 -355.574189
0.537500 -345.857800
0.550000 -336.170171
0.562500 -326.510520
0.575000 -316.878067
0.587500 -307.272031
0.600000 -297.691635
0.612500 -288.136097
0.625000 -278.604638
0.637500 -269.096480
0.650000 -259.610843
0.662500 -250.146949
0.675000 -240.704019
0.687500 -231.281275
0.700000 -221.877939
0.712500 -212.493233
0.725000 -203.126379
0.737500 -193.776599
0.750000 -184.443117
0.762500 -175.125155
0.775000 -165.821936
0.787500 -156.532684
0.800000 -147.256620
0.812500 -137.992969
0.825000 -128.740955
0.837500 -119.499801
0.850000 -110.268730
0.862500 -101.046967
0.875000 -91.833736
0.887500 -82.628261
0.900000 -73.429765
0.912500 -64.237474
0.925000 -55.050611
0.937500 -45.868401
0.950000 -36.690068
0.962500 -27.514837
0.975000 -18.341932
0.987500 -9.170578
