0.000000 -800.003295
0.025000 -776.799422
0.050000 -753.840543
0.075000 -731.119553
0.100000 -708.629856
0.125000 -686.365042
0.150000 -664.318776
0.175000 -642.484749
0.200000 -620.856664
0.225000 -599.428231
0.250000 -578.193163
0.275000 -557.145173
0.300000 -536.277982
0.325000 -515.585309
0.350000 -495.060879
0.375000 -474.698420
0.400000 -454.491661
0.425000 -434.434337
0.450000 -414.520185
0.475000 -394.742946
0.500000 -375.096364
0.525000 -355.574189
0.550000 -336.170171
0.575000 -316.878067
0.600000 -297.691635
0.625000 -278.604638
0.650000 -259.610843
0.675000 -240.704019
0.700000 -221.877939
0.725000 -203.126379
0.750000 -184.443117
0.775000 -165.821936
0.800000 -147.256620
0.825000 -128.740955
0.850000 -110.268730
0.875000 -91.833736
0.900000 -73.429765
0.925000 -55.050611
0.950000 -36.690068
0.975000 -18.341932
