0.000000 -800.000000
0.025000 -776.699285
0.050000 -753.643399
0.075000 -730.826643
0.100000 -708.243303
0.125000 -685.887649
0.150000 -663.753931
0.175000 -641.836378
0.200000 -620.129192
0.225000 -598.626549
0.250000 -577.322593
0.275000 -556.211436
0.300000 -535.287156
0.325000 -514.543793
0.350000 -493.975349
0.375000 -473.575789
0.400000 -453.339034
0.425000 -433.258967
0.450000 -413.329426
0.475000 -393.544209
0.500000 -373.897071
0.525000 -354.381725
0.550000 -334.991842
0.575000 -315.721052
0.600000 -296.562946
0.625000 -277.511075
0.650000 -258.558953
0.675000 -239.700060
0.700000 -220.927841
0.725000 -202.235709
0.750000 -183.617047
0.775000 -165.065213
0.800000 -146.573540
0.825000 -128.135337
0.850000 -109.743897
0.875000 -91.392496
0.900000 -73.074397
0.925000 -54.782853
0.950000 -36.511111
0.975000 -18.252412
