0.000000 -800.000000
0.012500 -788.173116
0.025000 -776.408501
0.037500 -764.705667
0.050000 -753.064125
0.062500 -741.483382
0.075000 -729.962944
0.087500 -718.502315
0.100000 -707.100993
0.112500 -695.758473
0.125000 -684.474247
0.137500 -673.247801
0.150000 -662.078615
0.162500 -650.966167
0.175000 -639.909924
0.187500 -628.909352
0.200000 -617.963906
0.212500 -607.073037
0.225000 -596.236186
0.237500 -585.452789
0.250000 -574.722272
0.262500 -564.044054
0.275000 -553.417544
0.287500 -542.842143
0.300000 -532.317244
0.312500 -521.842227
0.325000 -511.416466
0.337500 -501.039323
0.350000 -490.710151
0.362500 -480.428292
0.375000 -470.193078
0.387500 -460.003830
0.400000 -449.859859
0.412500 -439.760463
0.425000 -429.704932
0.437500 -419.692543
0.450000 -409.722561
0.462500 -399.794242
0.475000 -389.906830
0.487500 -380.059556
0.500000 -370.251643
0.512500 -360.482298
0.525000 -350.750722
0.537500 -341.056101
0.550000 -331.397612
0.562500 -321.774418
0.575000 -312.185675
0.587500 -302.630526
0.600000 -293.108102
0.612500 -283.617526
0.625000 -274.157909
0.637500 -264.728353
0.650000 -255.327948
0.662500 -245.955775
0.675000 -236.610907
0.687500 -227.292405
0.700000 -217.999323
0.712500 -208.730704
0.725000 -199.485586
0.737500 -190.262994
0.750000 -181.061949
0.762500 -171.881462
0.775000 -162.720538
0.787500 -153.578175
0.800000 -144.453362
0.812500 -135.345085
0.825000 -126.252322
0.837500 -117.174047
0.850000 -108.109227
0.862500 -99.056826
0.875000 -90.015802
0.887500 -80.985111
0.900000 -71.963704
0.912500 -62.950529
0.925000 -53.944531
0.937500 -44.944655
0.950000 -35.949841
0.962500 -26.959030
0.975000 -17.971160
0.987500 -8.985171
