0.000000 -800.000000
0.025000 -776.642364
0.050000 -753.529900
0.075000 -730.657258
0.100000 -708.019070
0.125000 -685.609944
0.150000 -663.424462
0.175000 -641.457173
0.200000 -619.702586
0.225000 -598.155170
0.250000 -576.809346
0.275000 -555.659485
0.300000 -534.699903
0.325000 -513.924860
0.350000 -493.328555
0.375000 -472.905122
0.400000 -452.648632
0.425000 -432.553089
0.450000 -412.612427
0.475000 -392.820513
0.500000 -373.171142
0.525000 -353.658042
0.550000 -334.274870
0.575000 -315.015214
0.600000 -295.872595
0.625000 -276.840470
0.650000 -257.912231
0.675000 -239.081209
0.700000 -220.340675
0.725000 -201.683848
0.750000 -183.103894
0.775000 -164.593928
0.800000 -146.147026
0.825000 -127.756220
0.850000 -109.414510
0.875000 -91.114864
0.900000 -72.850226
0.925000 -54.613517
0.950000 -36.397646
0.975000 -18.195509
