0.000000 0.000000
0.025000 0.000012
0.050000 0.000028
0.075000 0.000048
0.100000 0.000075
0.125000 0.000108
0.150000 0.000152
0.175000 0.000207
0.200000 0.000279
0.225000 0.000370
0.250000 0.000489
0.275000 0.000641
0.300000 0.000836
0.325000 0.001087
0.350000 0.001410
0.375000 0.001825
0.400000 0.002359
0.425000 0.003045
0.450000 0.003927
0.475000 0.005062
0.500000 0.006520
0.525000 0.008396
0.550000 0.010807
0.575000 0.013907
0.600000 0.017892
0.625000 0.023017
0.650000 0.029605
0.675000 0.038076
0.700000 0.048967
0.725000 0.062970
0.750000 0.080974
0.775000 0.104121
0.800000 0.133882
0.825000 0.172147
0.850000 0.221344
0.875000 0.284597
0.900000 0.365923
0.925000 0.470485
0.950000 0.604921
0.975000 0.777768
1.000000 1.000000
